-0.2225325018 -0.7214360139 9.9254281448 0.7883098125457764
-0.2261217357 -0.7202396026000001 9.9565348386 1.2213170528411865
-0.1950150419 -0.7286144817 9.9445707256 1.6577136516571045
-0.2201396792 -0.729810893 9.937392257800001 2.0941660404205322
-0.2321037922 -0.7381857721 9.964909717700001 2.858682632446289
-0.22492532440000002 -0.7322037156 9.955338427300001 3.2934513092041016
-0.22492532440000002 -0.7310073043 9.942177903 3.7284836769104004
-0.24047867129999997 -0.7214360139 9.936195846499999 4.160992383956909
-0.215354034 -0.7250252478 9.942177903 4.928040027618408
-0.215354034 -0.729810893 9.9338030239 5.360295534133911
-0.2201396792 -0.7286144817 9.9290173787 5.7934160232543945
-0.2117648001 -0.7250252478 9.942177903 6.229394435882568
-0.2261217357 -0.7166503687 9.9625168951 6.997977018356323
-0.2344966148 -0.7262216591 9.963713306399999 7.429582595825195
-0.227318147 -0.7202396026000001 9.9708917742 7.8659350872039795
-0.2165504453 -0.7130611348 9.9684989516 8.302084684371948
-0.2165504453 -0.7250252478 9.950552782099999 9.063562631607056
-0.2177468566 -0.7345965382 9.932606612599999 9.495673894882202
-0.23928226 -0.7322037156 9.945767136899999 9.929138422012329
-0.227318147 -0.7369893608 9.9529456047 10.365345001220703
-0.3852444386 -0.3984049629 9.9529456047 11.12790584564209
0.5096712138 -9.9469635482 2.3605194949 11.559297323226929
0.586241537 -9.535398061 1.2311072277 11.992672681808472
0.3493520996 -9.674181771799999 -0.622133876 12.428651332855225
-0.8877371846000001 -9.6502535458 -0.8207381518 13.18804407119751
0.0574277424 -9.7914300792 -0.5635097223 13.61977481842041
0.1483550012 -9.7160561673 -0.5587240770999999 14.052528142929077
-0.17706887240000002 -9.7758767323 -0.5730810127 14.488310813903809
-0.1974078645 -9.785448022699999 -0.5850451257 15.24638557434082
-0.179461695 -9.757930562799999 -0.5635097223 15.680947303771973
-0.2967100024 -9.7698946758 -0.5790630692000001 16.117318630218506
-0.3493520996 -9.7842516114 -0.5826523031 16.552760362625122
-0.3924229064 -9.7770731436 -0.5730810127 17.318551301956177
-0.36969109170000003 -9.7686982645 -0.5623133109999999 17.75041174888611
-0.47138605219999996 -9.774680321 -0.5515456093 18.183131456375122
-0.5084748025 -9.757930562799999 -0.5730810127 18.618960857391357
-0.5455635528 -9.762716208 -0.5718846014 19.376307725906372
-0.6652046827999999 -9.7531449176 -0.5682953675 19.808624505996704
-0.7740781111 -9.7651090306 -0.5730810127 20.24206805229187
-0.9020941202 -9.7399843933 -0.5778666579 20.67749285697937
-0.9463613382999999 -9.7603233854 -0.5730810127 21.438291549682617
-7.6019974002 -6.381657874199999 -0.39361931769999997 21.87027931213379
-9.9433743143 -0.610169763 0.0287138712 22.30328059196472
-9.8715896363 -0.885344362 0.0275174599 22.741875410079956
-9.8895358058 -0.7393821834000001 0.0574277424 23.50652527809143
-9.8979106849 -0.8099704500999999 0.035892339 23.938806772232056
-9.8931250397 -0.8506484343 0.040677984199999996 24.375603437423706
-9.8727860476 -0.8195417405 0.0334995164 24.81226420402527
-9.882357338 -0.7860422241 0.0394815729 25.57832407951355
-9.8955178623 -0.7381857721 0.0382851616 26.009634733200073
-9.888339394499999 -0.7668996433 0.04307080679999999 26.44309425354004
-9.882357338 -0.753739119 0.020338992099999998 26.87907886505127
-9.888339394499999 -0.7477570625 0.0394815729 27.637903928756714
-9.9003035075 -0.6891329087999999 0.0323031051 28.07091760635376
-9.9158568544 -0.6640082715 0.047856452 28.5036404132843
-9.906285564 -0.6580262149999999 0.04307080679999999 28.938994884490967
-9.8907322171 -0.7525427077 0.0394815729 29.697881937026978
-9.8991070962 -0.6089733517 0.0538385085 30.129810571670532
