28 58 0.8044805526733398
28 58 1.2366435527801514
28 58 1.6696817874908447
28 58 2.1057868003845215
28 72 2.8734922409057617
28 72 3.3066365718841553
28 72 3.7427985668182373
28 72 4.179208517074585
None None 4.942802906036377
28 72 5.3751490116119385
28 72 5.808557033538818
28 72 6.244903087615967
28 74 7.013479232788086
28 74 7.446536064147949
28 74 7.88637113571167
28 74 8.326568841934204
29 75 9.093628883361816
29 75 9.526151895523071
29 75 9.961453676223755
29 75 10.398059844970703
29 75 11.163643598556519
29 75 11.59803557395935
29 75 12.034417390823364
29 75 12.4713773727417
None None 13.23271131515503
29 75 13.665622234344482
29 75 14.099350929260254
29 75 14.537059783935547
29 71 15.303900718688965
29 71 15.736550331115723
29 71 16.174251317977905
29 71 16.61390781402588
29 71 17.405041933059692
29 71 17.837566614151
29 71 18.27392840385437
29 71 18.71042799949646
None None 19.472691774368286
29 71 19.905369520187378
29 71 20.339519262313843
29 71 20.776639938354492
None None 21.5416476726532
29 71 21.97494626045227
29 71 22.408577919006348
29 71 22.84492254257202
None None 23.611830949783325
29 71 24.045127630233765
29 71 24.482474088668823
29 71 24.919410705566406
29 66 25.69352078437805
29 66 26.12608242034912
29 66 26.56012511253357
29 66 26.99755883216858
None None 27.785309314727783
29 66 28.23909330368042
29 66 28.672131776809692
29 66 29.106632471084595
None None 29.871416807174683
