0.040622538340168025 -0.09437867930159337 -0.011911872144861299 0.8128254413604736
0.04108068726881653 -0.1036943741841131 -0.013744467859455345 1.2448601722717285
0.04657847441259867 -0.09437867930159337 0.008552113334772215 1.6778285503387451
0.06765332513043021 -0.16783522419490474 0.03252857393404432 2.1141841411590576
0.03420845333908886 -0.09269879989654883 0.2150245638457014 2.881105899810791
-0.018936822384138473 -0.10827586347059823 0.08933904108645975 3.3135783672332764
0.12110403347275654 -0.14645494085797417 0.010995574287564275 3.747087001800537
0.049174651674940235 -0.07437284275060838 -0.099723750135826 4.1832215785980225
0.012828170002158322 -0.04673119072214818 -0.23197607420569633 4.941473484039307
0.019547687622336492 -0.059559360724306495 -0.14508049407202864 5.374066114425659
-0.03940080786377199 -0.1745547418150829 -0.00198531202414355 5.8074164390563965
0.002748893571891069 -0.12858713264068222 0.15500705419274638 6.243832111358643
0.02138028333693054 -0.0635299847725936 -0.09010262263420726 7.01140284538269
0.0632245521534946 0.03115412714809878 0.07803803417979646 7.443937540054321
-0.018936822384138473 -0.05192354524683131 -0.01557706357404939 7.883980989456177
0.018020524526841452 -0.1983784861048055 0.2634356339728941 8.32015872001648
0.05299255941367783 -0.06918048822592524 -0.36942075280024983 9.081667423248291
0.028099800957108706 0.01832595714594046 -0.006566801310628665 9.513307094573975
-0.005650503453331642 0.09025533894375676 0.1072068493037517 9.95261549949646
0.2237293934900231 0.1389718416900485 -0.09773843811168245 10.38879108428955
0.06551529679673715 -0.026572637861613665 0.10461067204141013 11.151048183441162
-0.007788531787024695 0.09453139561114288 0.13209960776032081 11.583271503448486
0.027183503099811684 -0.10170906215996955 -0.03695734691097993 12.016566276550293
